  208
  1046481263
  731806281
  831430124
  1304254101
  1659120988
  986426942
  1856745819
  1313494697
  582670027
  787075299
  1211784195
  2130078353
  301126380
  557746347
  601385295
  646136348
  1915667540
  1330946518
  287073859
  1489534882
  192466949
  2048060878
  130835544
  1413468928
  1146696445
  1169409978
  1865910750
  343983195
  306201158
  1233773084
  1823753625
  587686369
  622425629
  2130217163
  324624861
  1420328123
  1925274959
  1866909659
  1027624859
  1968853444
  572750691
  1987091541
  1916057137
  395737949
  1747046744
  1890254632
  1199799401
  1258882275
  1052644669
  1687912374
  800754380
  1464978671
  747346719
  859454099
  1163879408
  2082567881
  2078995180
  1425907453
  1143898148
  1470513740
  1977206410
  1643865661
  1908246579
  637376368
  59150343
  593846124
  774577887
  763142122
  1001103783
  2049422445
  1179884967
  1520673033
  1778895576
  229615039
  1017918348
  445175146
  1589031725
  955331456
  443383732
  476501717
  1650531675
  53100255
  705130108
  2077019686
  1282704163
  2003621953
  1843960380
  566243546
  1813012621
  2075084864
  1062047766
  749668595
  204681009
  966591501
  1046163528
  173953911
  98910670
  2066811888
  464899074
  1067841625
  1235856541
  1429452583
  1758680939
  637419091
  163622439
  146463904
  824204004
  1506597306
  1715531308
  1292252261
  1610440009
  686180834
  739464600
  1112800702
  1850164460
  1890202894
  1332798774
  1429651189
  645351401
  1343338249
  1901251765
  2130610387
  1397657626
  1867802814
  1268920830
  1982395171
  1179699263
  1001206776
  1517755956
  829144916
  580041050
  1885678344
  605561835
  563970818
  974726720
  977300020
  796930110
  1794899421
  1585488010
  369514821
  1842703953
  978702012
  748284420
  416080253
  1481839889
  63487683
  661930987
  765315064
  286358877
  35050420
  1186764550
  1173481842
  1310063564
  490325294
  1714277441
  380792208
  1885700573
  1448078505
  606377070
  351044967
  951872707
  570662812
  1906490087
  1265914183
  694397136
  730060637
  275883322
  296143697
  1955363370
  792077370
  1818218811
  1089045547
  199019632
  1679721596
  1484664545
  1963383142
  11035394
  1941310808
  981812529
  1510710808
  1302952178
  1908212290
  1373761243
  48676563
  1309147824
  1126074410
  1217783968
  725540141
  904062335
  755522016
  1437152484
  1887098103
  1032546644
  228990041
  481815415
  1943274327
  847992010
  982266805
  1460018385
  519675236
  1058049200
  910051805
  907995504
  902100331
  270400368
  1448945919
  1372663539
  2012779100
  1954005559
  2087541238
  1160662103
  1049526164
  1949241504
  2117614715
  2093817495
  1762588697
  2130594350
  334760928
  242209897
  1583595288
  635101699
  122583037
  585423786
  1982038151
  587127917
  79424676
  911750018
  1992747861
  193330162
  1795633912
  2091223778
  356249545
  91665043
  893485968
  1237909436
  925725418
  564935479
  2119918793
  1832191044
  842156921
  349145493
  808777706
  1404063361
  1635924260
  1530002463
  238522873
  289198264
  1089976319
  371230724
  1264514480
  1188990554
  1734996182
  911004774
  78450262
  1061486536
  1403881663
